EXACT VERIFICATION (integer arithmetic only)

aggregate sums  :     956 /     956 classes, 0 / 0 mismatches
row-sum identity:   87016 rows, 0 mismatches; gamma in [1, 2, 3, 4, 5, 6, 7, 8, 9, 10, 11, 12, 14, 15, 16, 18, 20, 21, 22, 28, 30]
master formula :   63568 rows, 0 mismatches
one-variable   :  963724 pairs, 0 mismatches

quartic side (p, |V*|, |V*|=q^2-1, cosets, generation index):
    (5, 24, True, True, 1)
    (7, 48, True, True, 1)
    (11, 120, True, True, 1)
    (13, 168, True, True, 1)

family x^{4m+1}+x^2+4 over F_5  (m, m mod 5, C, eta(C)):
    (2, 2, 3, -1)
    (3, 3, 1, 1)
    (5, 0, 0, 0)
    (7, 2, 3, -1)
    (8, 3, 1, 1)
    (10, 0, 0, 0)
    (12, 2, 3, -1)
    (13, 3, 1, 1)
    (15, 0, 0, 0)
    (17, 2, 3, -1)
    (18, 3, 1, 1)
    (20, 0, 0, 0)
    (22, 2, 3, -1)
    (23, 3, 1, 1)
    (25, 0, 0, 0)

threshold : q0 = 2.6e10 certified exactly with t=7; L_k for 23<=k<=199 certified, failures: none; analytic bound first valid at k=48, value at k=200 is +0.4138

certificate for the explicit threshold
  (k, t) with t the sieve parameter certifying the integer inequality at L_k:
    (23,8)  (24,7)  (25,7)  (26,8)  (27,8)  (28,8)  (29,8)  (30,8)  (31,9)  (32,9)  (33,9)  (34,9)
    (35,9)  (36,9)  (37,9)  (38,10)  (39,10)  (40,10)  (41,11)  (42,11)  (43,11)  (44,11)  (45,11)  (46,11)
    (47,11)  (48,12)  (49,12)  (50,12)  (51,12)  (52,12)  (53,13)  (54,13)  (55,13)  (56,14)  (57,14)  (58,14)
    (59,14)  (60,14)  (61,15)  (62,15)  (63,15)  (64,15)  (65,15)  (66,15)  (67,15)  (68,16)  (69,16)  (70,16)
    (71,16)  (72,16)  (73,16)  (74,16)  (75,17)  (76,17)  (77,17)  (78,18)  (79,18)  (80,18)  (81,18)  (82,18)
    (83,18)  (84,18)  (85,19)  (86,19)  (87,19)  (88,19)  (89,19)  (90,20)  (91,20)  (92,20)  (93,21)  (94,21)
    (95,21)  (96,21)  (97,21)  (98,21)  (99,21)  (100,22)  (101,22)  (102,22)  (103,22)  (104,22)  (105,23)  (106,23)
    (107,23)  (108,23)  (109,23)  (110,23)  (111,23)  (112,24)  (113,24)  (114,24)  (115,24)  (116,24)  (117,24)  (118,24)
    (119,24)  (120,24)  (121,25)  (122,25)  (123,25)  (124,25)  (125,25)  (126,26)  (127,26)  (128,26)  (129,27)  (130,27)
    (131,27)  (132,27)  (133,27)  (134,28)  (135,28)  (136,28)  (137,29)  (138,29)  (139,29)  (140,29)  (141,29)  (142,30)
    (143,30)  (144,30)  (145,30)  (146,30)  (147,30)  (148,30)  (149,30)  (150,30)  (151,30)  (152,30)  (153,30)  (154,30)
    (155,30)  (156,30)  (157,31)  (158,31)  (159,31)  (160,31)  (161,31)  (162,32)  (163,32)  (164,32)  (165,32)  (166,32)
    (167,32)  (168,32)  (169,33)  (170,33)  (171,33)  (172,34)  (173,34)  (174,34)  (175,34)  (176,34)  (177,34)  (178,34)
    (179,34)  (180,34)  (181,34)  (182,34)  (183,35)  (184,35)  (185,35)  (186,36)  (187,36)  (188,36)  (189,36)  (190,36)
    (191,36)  (192,36)  (193,37)  (194,37)  (195,37)  (196,37)  (197,37)  (198,37)  (199,37)
LWZ (F_27, m=3>2, n>2): 2704 trinomials, 208 with invariant in F_3^*, 0 of those primitive, 288 primitive among the rest
